i 0
i 1
i 2
i 3
i 4
i 5
i 6
i 7
i 8
i 9
i 10
i 11
i 12
i 13
i 14
i 15
i 16
i 17
i 18
i 19
i 20
i 21
i 22
i 23
i 24
i 25
i 26
i 27
i 28
i 29
i 1 8
i 1 2
i 4 8
i 1 11
i 8 20
i 6 29
i 3 15
i 20 24
i 8 26
i 9 12
i 2 27
i 11 21
i 12 20
i 9 19
i 4 5
i 20 25
i 0 20
i 5 22
i 7 19
i 21 29
i 7 18
i 1 18
i 23 26
i 14 29
i 1 23
i 16 27
i 2 28
i 15 16
i 1 16
i 9 11
i 12 14
i 10 28
i 2 22
i 27 28
i 2 27 28
i 10 17
i 3 4
i 2 4
i 8 15
i 17 24
i 7 21
i 26 27
i 2 11
i 1 2 11
i 14 26
i 14 18
i 24 28
i 8 24
i 8 20 24
i 4 14
i 21 24
i 18 21
i 7 18 21
i 0 21
i 16 28
i 16 27 28
i 19 21
i 7 19 21
i 12 23
i 1 7
i 1 7 18
i 1 14
i 1 14 18
i 4 16
i 9 24
i 4 24
i 4 8 24
i 6 15
i 0 7
i 0 7 21
i 13 18
i 2 23
i 1 2 23
i 3 20
i 6 9
i 5 17
i 0 3
i 0 3 20
i 7 24
i 7 21 24
i 6 17
i 10 21
i 11 22
i 2 11 22
i 22 29
i 4 10
i 5 13
i 17 22
i 5 17 22
i 11 16
i 1 11 16
i 21 23
i 10 11
i 10 11 21
i 14 24
i 4 14 24
i 17 18
i 12 22
i 2 3
i 2 3 4
i 4 12
i 4 12 14
i 6 18
i 6 17 18
i 0 13
i 5 18
i 5 13 18
i 5 17 18
i 13 16
i 15 27
i 15 16 27
i 9 27
i 7 16
i 1 7 16
i 16 21
i 7 16 21
i 11 16 21
i 20 27
i 14 28
i 14 24 28
i 0 15
i 0 3 15
i 10 25
i 5 8
i 4 5 8
i 22 28
i 2 22 28
i 10 16
i 4 10 16
i 10 11 16
i 10 16 21
i 10 16 28
i 10 11 16 21
i 4 7
i 4 7 16
i 4 7 24
i 0 26
i 11 17
i 10 11 17
i 11 17 22
i 3 10
i 3 4 10
i 13 25
i 6 20
i 19 28
i 7 17
i 7 17 18
i 7 17 24
i 16 19
i 7 16 19
i 16 19 21
i 16 19 28
i 7 16 19 21
i 7 29
i 7 21 29
i 6 27
i 6 9 27
i 6 15 27
i 6 20 27
i 7 9
i 7 9 19
i 7 9 24
i 5 7
i 4 5 7
i 5 7 17
i 5 7 18
i 5 7 17 18
i 15 28
i 15 16 28
i 15 27 28
i 15 16 27 28
i 1 6
i 1 6 18
i 2 7
i 1 2 7
i 2 4 7
i 6 23
i 1 6 23
i 1 5
i 1 5 7
i 1 5 8
i 1 5 18
i 1 5 7 18
i 2 6
i 1 2 6
i 2 6 23
i 2 6 27
i 1 2 6 23
i 4 23
i 2 4 23
i 4 12 23
i 16 17
i 7 16 17
i 10 16 17
i 11 16 17
i 10 11 16 17
i 7 28
i 2 7 28
i 7 16 28
i 7 19 28
i 7 24 28
i 7 16 19 28
i 15 22
i 15 22 28
i 11 14
i 1 11 14
i 7 10
i 4 7 10
i 7 10 16
i 7 10 17
i 7 10 21
i 7 10 28
i 4 7 10 16
i 7 10 16 17
i 7 10 16 21
i 7 10 16 28
i 2 16
i 1 2 16
i 2 4 16
i 2 7 16
i 2 11 16
i 2 16 27
i 2 16 28
i 1 2 7 16
i 1 2 11 16
i 2 4 7 16
i 2 7 16 28
i 2 16 27 28
i 2 19
i 2 7 19
i 2 16 19
i 2 19 28
i 2 7 16 19
i 2 7 19 28
i 2 16 19 28
i 2 7 16 19 28
i 8 13
i 5 8 13
i 3 26
i 0 3 26
i 11 19
i 2 11 19
i 9 11 19
i 11 16 19
i 11 19 21
i 2 11 16 19
i 11 16 19 21
i 12 24
i 4 12 24
i 9 12 24
i 12 14 24
i 12 20 24
i 4 12 14 24
i 8 25
i 8 13 25
i 8 20 25
i 8 11
i 1 8 11
d 5 17 22
d 11 17 22
d 17 22
d 2 7 16 19 28
d 2 7 16 28
d 2 7 19 28
d 2 16 19 28
d 2 16 27 28
d 2 7 28
d 2 16 28
d 2 19 28
d 2 22 28
d 2 27 28
d 2 28
d 4 8 24
d 8 20 24
d 8 24
d 6 20 27
d 20 27
d 1 2 6 23
d 1 2 6
d 2 6 23
d 2 6 27
d 2 6
d 7 17 24
d 17 24
d 2 4 7 16
d 2 3 4
d 2 4 7
d 2 4 16
d 2 4 23
d 2 4
d 14 26
d 1 5 7 18
d 5 7 17 18
d 1 5 18
d 5 7 18
d 5 13 18
d 5 17 18
d 5 18
d 7 10 16 21
d 7 16 19 21
d 10 11 16 21
d 11 16 19 21
d 7 16 21
d 10 16 21
d 11 16 21
d 16 19 21
d 16 21
d 22 29
d 7 10 16 28
d 7 10 28
d 10 16 28
d 10 28
d 1 5 8
d 1 8 11
d 1 8
d 7 16 19 28
d 7 16 28
d 7 19 28
d 7 24 28
d 7 28
i 0 6
i 0 6 15
i 0 6 20
i 12 15
i 12 15 22
i 2 26
i 2 3 26
i 2 23 26
i 2 26 27
i 3 25
i 3 10 25
i 3 20 25
i 12 18
i 12 14 18
d 7 19 21
d 11 19 21
d 19 21
d 12 15 22
d 15 22 28
d 15 22
d 7 21 29
d 21 29
d 2 23 26
d 23 26
d 15 16 27 28
d 15 27 28
d 16 27 28
d 27 28
d 12 22
i 20 29
i 6 20 29
d 15 16 27
d 15 16 28
d 15 16
d 0 3 15
d 3 15
d 7 9 19
d 9 11 19
d 9 19
d 6 9 27
d 6 9
d 3 10 25
d 3 20 25
d 3 25
d 0 7 21
d 0 7
d 1 2 7 16
d 2 7 16 19
d 1 2 7
d 2 7 16
d 2 7 19
d 2 7
d 7 16 19
d 7 19
d 1 11 14
d 1 14 18
d 1 14
d 8 13 25
d 13 25
d 9 11
d 0 13
d 1 2 11 16
d 2 11 16 19
d 1 2 16
d 2 11 16
d 2 16 19
d 2 16 27
d 2 16
d 16 27
i 4 25
i 4 8 25
i 4 10 25
i 13 29
i 25 26
i 8 25 26
i 4 26
i 3 4 26
i 4 8 26
i 4 25 26
i 4 8 25 26
i 9 23
i 9 12 23
i 1 3
i 1 2 3
i 14 23
i 4 14 23
i 12 14 23
i 4 12 14 23
i 1 13
i 1 5 13
i 1 13 16
i 1 13 18
i 18 24
i 7 18 24
i 12 18 24
i 14 18 24
i 18 21 24
i 7 18 21 24
i 12 14 18 24
i 3 15
i 0 3 15
i 10 26
i 3 10 26
i 4 10 26
i 10 25 26
i 3 4 10 26
i 4 10 25 26
i 1 29
i 1 6 29
i 1 7 29
i 1 13 29
i 2 16
i 1 2 16
i 2 11 16
i 2 16 19
i 1 2 11 16
i 2 11 16 19
i 8 19
i 8 11 19
i 5 14
i 4 5 14
i 15 24
i 12 15 24
i 15 24 28
i 1 26
i 1 2 26
i 1 3 26
i 1 2 3 26
i 19 23
i 2 19 23
i 0 5
i 0 29
i 0 6 29
i 0 20 29
i 0 6 20 29
i 4 9
i 4 7 9
i 4 9 12
i 4 9 23
i 4 9 24
i 4 7 9 24
i 4 9 12 23
i 4 9 12 24
i 0 12
i 0 12 15
i 0 12 20
i 8 24
i 4 8 24
i 8 15 24
i 8 20 24
i 5 16
i 1 5 16
i 4 5 16
i 5 7 16
i 5 13 16
i 5 16 17
i 1 5 7 16
i 1 5 13 16
i 4 5 7 16
i 5 7 16 17
i 9 15
i 9 12 15
i 9 15 24
i 9 15 27
i 9 12 15 24
i 9 28
i 9 15 28
i 9 24 28
i 9 15 24 28
i 12 13
i 12 13 18
i 5 26
i 0 5 26
i 1 5 26
i 4 5 26
i 5 8 26
i 4 5 8 26
i 3 16
i 1 3 16
i 2 3 16
i 3 4 16
i 3 10 16
i 1 2 3 16
i 3 4 10 16
i 17 26
i 5 17 26
i 10 17 26
i 12 19
i 12 19 23
i 2 20
i 2 3 20
d 14 24 28
d 14 28
d 1 2 11 16
d 1 2 11
d 1 11 16
d 1 11
d 1 2 3 26
d 1 2 26
d 1 3 26
d 1 5 26
d 1 26
d 9 15 24 28
d 9 24 28
d 15 24 28
d 24 28
d 4 5 7 16
d 4 7 9 24
d 4 7 10 16
d 4 5 7
d 4 7 9
d 4 7 10
d 4 7 16
d 4 7 24
d 4 7
d 1 5 7 16
d 5 7 16 17
d 1 5 7
d 5 7 16
d 5 7 17
d 5 7
d 7 18 21 24
d 7 21 24
d 18 21 24
d 21 24
d 3 4 10 16
d 3 4 10 26
d 3 4 10
d 3 10 16
d 3 10 26
d 3 10
d 1 2 3 16
d 1 3 16
d 2 3 16
d 3 4 16
d 3 16
d 8 11 19
d 8 11
d 4 5 8 26
d 0 5 26
d 4 5 26
d 5 8 26
d 5 17 26
d 5 26
d 4 9 12 23
d 4 9 23
d 9 12 23
d 9 23
d 0 6 20 29
d 0 20 29
d 6 20 29
d 20 29
d 4 5 8
d 5 8 13
d 5 8
d 0 3 15
d 0 3 20
d 0 3 26
d 0 3
d 6 15 27
d 9 15 27
d 15 27
d 11 14
d 2 11 16 19
d 2 11 19
d 11 16 19
d 11 19
d 1 2 23
d 1 6 23
d 1 23
d 4 9 12 24
d 4 12 14 24
d 4 8 24
d 4 9 24
d 4 12 24
d 4 14 24
d 4 24
d 7 10 16 17
d 7 10 16
d 7 10 17
d 7 10 21
d 7 10
i 17 25
i 10 17 25
i 17 25 26
i 10 17 25 26
i 14 16
i 4 14 16
i 5 14 16
i 4 5 14 16
i 5 10
i 4 5 10
i 5 10 16
i 5 10 17
i 4 5 10 16
i 5 10 16 17
i 27 29
i 6 27 29
i 7 19
i 7 16 19
i 14 26
i 4 14 26
i 11 12
i 16 20
i 2 16 20
i 18 27
i 6 18 27
i 2 18
i 1 2 18
i 2 18 27
i 6 10
i 6 10 17
i 5 21
i 0 5 21
i 5 10 21
i 17 23
i 6 17 23
i 4 22
i 4 5 22
i 16 18
i 1 16 18
i 2 16 18
i 7 16 18
i 13 16 18
i 14 16 18
i 16 17 18
i 1 2 16 18
i 1 7 16 18
i 1 13 16 18
i 7 16 17 18
i 5 15
i 0 5 15
i 0 2
i 0 2 20
i 0 2 26
i 3 9
i 3 4 9
i 3 9 15
i 0 9
i 0 9 12
i 0 9 15
i 0 9 12 15
i 21 24
i 7 21 24
i 18 21 24
i 7 18 21 24
i 5 12
i 0 5 12
i 4 5 12
i 5 12 13
i 5 12 14
i 5 12 15
i 0 5 12 15
i 4 5 12 14
i 2 28
i 2 16 28
i 2 19 28
i 2 22 28
i 2 16 19 28
i 1 4
i 1 3 4
i 1 4 5
i 1 4 16
i 1 4 5 16
d 2 16 19 28
d 2 16 19
d 7 16 19
d 16 19 28
d 16 19
d 1 13 16 18
d 1 13 18
d 12 13 18
d 13 16 18
d 13 18
d 4 10 25 26
d 10 17 25 26
d 4 10 25
d 10 17 25
d 10 25 26
d 10 25
d 1 2 3
d 2 3 20
d 2 3 26
d 2 3
d 10 11 16 17
d 2 11 16
d 10 11 16
d 11 16 17
d 11 16
i 1 22
i 1 2 22
i 1 4 22
i 1 5 22
i 1 4 5 22
i 23 28
i 2 23 28
i 19 23 28
i 2 19 23 28
i 10 12
i 4 10 12
i 5 10 12
i 10 11 12
i 4 5 10 12
i 9 25
i 4 9 25
i 9 17
i 7 9 17
i 9 17 25
i 16 26
i 2 16 26
i 4 16 26
i 10 16 26
i 14 16 26
i 16 17 26
i 4 10 16 26
i 4 14 16 26
i 10 16 17 26
i 11 27
i 2 11 27
i 11 16
i 2 11 16
i 10 11 16
i 11 16 17
i 10 11 16 17
i 10 18
i 6 10 18
i 10 12 18
i 10 16 18
i 10 17 18
i 10 18 21
i 6 10 17 18
i 10 16 17 18
i 0 22
i 0 2 22
i 0 5 22
i 6 28
i 6 15 28
i 6 23 28
i 10 23
i 4 10 23
i 6 10 23
i 10 12 23
i 10 17 23
i 10 21 23
i 4 10 12 23
i 6 10 17 23
i 10 20
i 6 10 20
i 10 12 20
i 10 16 20
i 23 25
i 4 23 25
i 17 23 25
i 6 14
i 6 14 18
i 6 14 23
i 6 14 29
i 9 20
i 0 9 20
i 3 9 20
i 9 12 20
i 9 20 24
i 9 20 25
i 0 9 12 20
i 9 12 20 24
i 0 18
i 0 2 18
i 0 6 18
i 0 12 18
i 0 18 21
i 0 1
i 0 1 2
i 0 1 5
i 0 1 6
i 0 1 18
i 0 1 22
i 0 1 29
i 0 1 2 18
i 0 1 2 22
i 0 1 5 22
i 0 1 6 18
i 0 1 6 29
i 9 14
i 4 9 14
i 9 12 14
i 9 14 24
i 4 9 12 14
i 9 12 14 24
i 1 11
i 1 2 11
i 1 11 16
i 1 11 22
i 1 2 11 16
i 1 2 11 22
i 8 22
i 4 8 22
i 7 15
i 7 9 15
i 7 15 24
i 7 9 15 24
i 25 29
i 4 20
i 3 4 20
i 4 8 20
i 4 9 20
i 4 10 20
i 4 12 20
i 4 16 20
i 4 20 25
i 3 4 9 20
i 4 8 20 25
i 4 9 12 20
i 4 9 20 25
i 4 10 12 20
i 4 10 16 20
i 8 12
i 4 8 12
i 8 12 13
i 8 12 15
i 8 12 19
i 8 12 20
i 8 12 24
i 4 8 12 20
i 8 12 15 24
i 8 12 20 24
i 22 27
i 2 22 27
i 11 22 27
i 2 11 22 27
i 17 20
i 6 17 20
i 9 17 20
i 10 17 20
i 16 17 20
i 17 20 25
i 6 10 17 20
i 9 17 20 25
i 10 16 17 20
d 2 11 22 27
d 2 11 27
d 2 18 27
d 2 22 27
d 2 26 27
d 2 27
d 7 19
d 2 22 28
d 22 28
d 0 9 12 15
d 0 9 12 20
d 4 9 12 14
d 4 9 12 20
d 9 12 14 24
d 9 12 15 24
d 9 12 20 24
d 0 9 12
d 4 9 12
d 9 12 14
d 9 12 15
d 9 12 20
d 9 12 24
d 9 12
d 9 15 28
d 9 28
i 9 10
i 4 9 10
i 9 10 17
i 9 10 20
i 4 9 10 20
i 9 10 17 20
i 14 22
i 4 14 22
i 5 14 22
i 4 5 14 22
i 21 27
i 11 21 27
i 18 21 27
i 13 25
i 8 13 25
i 13 25 29
i 8 18
i 8 12 18
i 8 18 24
i 8 12 18 24
i 10 13
i 5 10 13
i 10 12 13
i 10 13 16
i 5 10 12 13
i 5 10 13 16
i 9 28
i 9 15 28
i 19 26
i 2 19 26
i 8 19 26
i 1 21
i 0 1 21
i 1 5 21
i 1 7 21
i 1 11 21
i 1 18 21
i 0 1 5 21
i 0 1 18 21
i 1 7 18 21
i 12 25
i 4 12 25
i 8 12 25
i 12 13 25
i 12 20 25
i 12 23 25
i 4 8 12 25
i 4 12 20 25
i 4 12 23 25
i 8 12 13 25
i 8 12 20 25
i 4 8 12 20 25
i 14 17
i 5 14 17
i 6 14 17
i 9 14 17
i 14 16 17
i 14 17 18
i 14 17 23
i 14 17 26
i 5 14 16 17
i 6 14 17 18
i 6 14 17 23
i 14 16 17 18
i 14 16 17 26
i 24 29
i 7 24 29
i 14 24 29
i 3 6
i 1 3 6
i 3 6 15
i 3 6 20
i 27 28
i 6 27 28
i 9 27 28
i 16 23
i 2 16 23
i 4 16 23
i 10 16 23
i 14 16 23
i 16 17 23
i 16 23 28
i 2 16 23 28
i 4 10 16 23
i 4 14 16 23
i 10 16 17 23
i 14 16 17 23
i 1 19
i 1 2 19
i 2 12
i 0 2 12
i 2 11 12
i 2 12 18
i 2 12 19
i 2 12 20
i 2 12 23
i 0 2 12 18
i 0 2 12 20
i 2 12 19 23
i 1 15
i 0 1 15
i 1 3 15
i 1 5 15
i 1 6 15
i 1 7 15
i 0 1 5 15
i 0 1 6 15
i 1 3 6 15
i 3 23
i 3 4 23
i 3 6 23
i 3 7
i 1 3 7
i 3 7 9
i 3 7 15
i 1 3 7 15
i 3 7 9 15
i 6 11
i 1 6 11
i 6 10 11
i 6 11 17
i 6 11 27
i 6 10 11 17
i 1 23
i 1 2 23
i 1 3 23
i 1 4 23
i 1 6 23
i 1 16 23
i 1 19 23
i 1 21 23
i 1 2 16 23
i 1 2 19 23
i 1 3 4 23
i 1 3 6 23
i 1 4 16 23
i 10 15
i 5 10 15
i 6 10 15
i 9 10 15
i 10 12 15
i 5 10 12 15
i 8 23
i 4 8 23
i 8 12 23
i 8 19 23
i 8 23 25
i 4 8 12 23
i 4 8 23 25
i 8 12 19 23
i 8 12 23 25
i 4 8 12 23 25
i 17 21
i 5 17 21
i 7 17 21
i 10 17 21
i 11 17 21
i 17 18 21
i 17 21 23
i 5 10 17 21
i 7 17 18 21
i 10 11 17 21
i 10 17 18 21
i 10 17 21 23
i 15 26
i 0 15 26
i 3 15 26
i 8 15 26
i 10 15 26
i 8 10
i 4 8 10
i 8 10 12
i 8 10 13
i 8 10 15
i 8 10 18
i 8 10 20
i 8 10 23
i 8 10 26
i 4 8 10 12
i 4 8 10 20
i 4 8 10 23
i 4 8 10 26
i 8 10 12 13
i 8 10 12 15
i 8 10 12 18
i 8 10 12 20
i 8 10 12 23
i 8 10 15 26
i 4 8 10 12 20
i 4 8 10 12 23
i 15 29
i 0 15 29
i 1 15 29
i 6 15 29
i 7 15 29
i 15 24 29
i 0 1 15 29
i 0 6 15 29
i 1 6 15 29
i 1 7 15 29
i 7 15 24 29
i 0 1 6 15 29
i 21 29
i 0 21 29
i 1 21 29
i 7 21 29
i 21 24 29
i 21 27 29
i 0 1 21 29
i 1 7 21 29
i 7 21 24 29
i 2 13
i 1 2 13
i 2 12 13
i 2 13 16
i 1 2 13 16
i 5 11
i 1 5 11
i 5 10 11
i 5 11 12
i 5 11 16
i 5 11 17
i 5 11 21
i 5 11 22
i 1 5 11 16
i 1 5 11 21
i 1 5 11 22
i 5 10 11 12
i 5 10 11 16
i 5 10 11 17
i 5 10 11 21
i 5 11 16 17
i 5 11 17 21
i 5 10 11 16 17
i 5 10 11 17 21
i 12 26
i 0 12 26
i 2 12 26
i 4 12 26
i 8 12 26
i 10 12 26
i 12 14 26
i 12 15 26
i 12 19 26
i 12 25 26
i 0 2 12 26
i 0 12 15 26
i 2 12 19 26
i 4 8 12 26
i 4 10 12 26
i 4 12 14 26
i 4 12 25 26
i 8 10 12 26
i 8 12 15 26
i 8 12 19 26
i 8 12 25 26
i 10 12 15 26
i 4 8 10 12 26
i 4 8 12 25 26
i 8 10 12 15 26
i 3 11
i 1 3 11
i 3 6 11
i 1 3 6 11
i 12 27
i 11 12 27
i 12 18 27
i 12 26 27
i 12 29
i 0 12 29
i 12 13 29
i 12 14 29
i 12 15 29
i 12 24 29
i 12 25 29
i 12 27 29
i 0 12 15 29
i 12 13 25 29
i 12 14 24 29
i 12 15 24 29
i 7 8
i 7 8 15
i 7 8 18
i 7 8 24
i 7 8 15 24
i 7 8 18 24
i 3 27
i 3 6 27
i 3 9 27
i 3 11 27
i 3 26 27
i 3 6 11 27
i 3 5
i 1 3 5
i 3 4 5
i 3 5 11
i 3 5 15
i 1 3 4 5
i 1 3 5 11
i 1 3 5 15
d 8 10 12 15 26
d 0 5 12 15
d 0 12 15 26
d 0 12 15 29
d 5 10 12 15
d 8 10 12 15
d 8 12 15 24
d 8 12 15 26
d 10 12 15 26
d 12 15 24 29
d 0 12 15
d 5 12 15
d 8 12 15
d 10 12 15
d 12 15 24
d 12 15 26
d 12 15 29
d 12 15
d 1 3 4 5
d 1 4 5 16
d 1 4 5 22
d 4 5 10 12
d 4 5 10 16
d 4 5 12 14
d 4 5 14 16
d 4 5 14 22
d 1 4 5
d 3 4 5
d 4 5 10
d 4 5 12
d 4 5 14
d 4 5 16
d 4 5 22
d 4 5
d 0 1 5 21
d 0 1 18 21
d 0 1 21 29
d 0 1 21
d 0 5 21
d 0 18 21
d 0 21 29
d 0 21
d 2 16 23 28
d 2 19 23 28
d 2 23 28
d 6 23 28
d 16 23 28
d 19 23 28
d 23 28
d 3 7 9 15
d 7 9 15 24
d 0 9 15
d 3 9 15
d 7 9 15
d 9 10 15
d 9 15 24
d 9 15 28
d 9 15
d 12 13 25 29
d 12 25 29
d 13 25 29
d 25 29
d 1 2 11 22
d 1 5 11 22
d 1 11 22
d 2 11 22
d 5 11 22
d 11 22 27
d 11 22
d 7 8 15 24
d 7 8 18 24
d 7 15 24 29
d 7 18 21 24
d 7 21 24 29
d 7 8 24
d 7 9 24
d 7 15 24
d 7 18 24
d 7 21 24
d 7 24 29
d 7 24
d 1 5 13 16
d 5 10 12 13
d 5 10 13 16
d 1 5 13
d 5 10 13
d 5 12 13
d 5 13 16
d 5 13
d 6 15 28
d 15 28
i 5 23
i 1 5 23
i 3 5 23
i 5 10 23
i 5 12 23
i 5 14 23
i 5 16 23
i 5 17 23
i 5 21 23
i 1 3 5 23
i 1 5 16 23
i 1 5 21 23
i 5 10 12 23
i 5 10 16 23
i 5 10 17 23
i 5 10 21 23
i 5 12 14 23
i 5 14 16 23
i 5 14 17 23
i 5 16 17 23
i 5 17 21 23
i 5 10 16 17 23
i 5 10 17 21 23
i 5 14 16 17 23
i 11 13
i 1 11 13
i 2 11 13
i 10 11 13
i 11 12 13
i 11 13 16
i 1 2 11 13
i 1 11 13 16
i 2 11 12 13
i 2 11 13 16
i 10 11 12 13
i 10 11 13 16
i 1 2 11 13 16
i 12 21
i 5 12 21
i 10 12 21
i 11 12 21
i 12 18 21
i 12 21 23
i 12 21 24
i 12 21 27
i 12 21 29
i 5 10 12 21
i 5 11 12 21
i 5 12 21 23
i 10 11 12 21
i 10 12 18 21
i 10 12 21 23
i 11 12 21 27
i 12 18 21 24
i 12 18 21 27
i 12 21 24 29
i 12 21 27 29
i 5 10 11 12 21
i 5 10 12 21 23
i 9 19
i 9 19 28
i 5 26
i 0 5 26
i 3 5 26
i 5 10 26
i 5 12 26
i 5 14 26
i 5 15 26
i 5 16 26
i 5 17 26
i 0 5 12 26
i 0 5 15 26
i 3 5 15 26
i 5 10 12 26
i 5 10 15 26
i 5 10 16 26
i 5 10 17 26
i 5 12 14 26
i 5 14 16 26
i 5 14 17 26
i 5 16 17 26
i 5 10 16 17 26
i 5 14 16 17 26
i 4 21
i 1 4 21
i 4 10 21
i 4 12 21
i 4 21 23
i 1 4 21 23
i 4 10 12 21
i 4 10 21 23
i 4 12 21 23
i 4 10 12 21 23
i 2 25
i 2 12 25
i 2 13 25
i 2 20 25
i 2 23 25
i 2 25 26
i 2 12 13 25
i 2 12 20 25
i 2 12 23 25
i 2 12 25 26
i 14 21
i 4 14 21
i 5 14 21
i 12 14 21
i 14 17 21
i 14 18 21
i 14 21 23
i 14 21 24
i 14 21 29
i 4 12 14 21
i 4 14 21 23
i 5 12 14 21
i 5 14 17 21
i 5 14 21 23
i 12 14 18 21
i 12 14 21 23
i 12 14 21 24
i 12 14 21 29
i 14 17 18 21
i 14 17 21 23
i 14 18 21 24
i 14 21 24 29
i 4 12 14 21 23
i 5 12 14 21 23
i 5 14 17 21 23
i 12 14 18 21 24
i 12 14 21 24 29
i 16 29
i 1 16 29
i 7 16 29
i 13 16 29
i 14 16 29
i 1 7 16 29
i 1 13 16 29
i 2 29
i 0 2 29
i 1 2 29
i 2 12 29
i 2 13 29
i 2 16 29
i 0 1 2 29
i 0 2 12 29
i 1 2 13 29
i 1 2 16 29
i 2 12 13 29
i 2 13 16 29
i 1 2 13 16 29
i 9 11
i 3 9 11
i 9 10 11
i 9 11 17
i 9 11 27
i 3 9 11 27
i 9 10 11 17
i 0 27
i 0 6 27
i 0 9 27
i 0 12 27
i 0 18 27
i 0 22 27
i 0 26 27
i 0 27 29
i 0 6 18 27
i 0 6 27 29
i 0 12 18 27
i 0 12 26 27
i 0 12 27 29
i 23 27
i 3 23 27
i 6 23 27
i 12 23 27
i 21 23 27
i 3 6 23 27
i 12 21 23 27
d 1 2 13 16 29
d 1 2 13 29
d 1 13 16 29
d 2 12 13 29
d 2 13 16 29
d 1 13 29
d 2 13 29
d 12 13 29
d 13 16 29
d 13 29
d 0 1 5 15
d 0 1 5 22
d 0 5 12 26
d 0 5 15 26
d 0 1 5
d 0 5 12
d 0 5 15
d 0 5 22
d 0 5 26
d 0 5
d 3 4 9 20
d 4 9 10 20
d 4 9 20 25
d 9 10 17 20
d 9 17 20 25
d 0 9 20
d 3 9 20
d 4 9 20
d 9 10 20
d 9 17 20
d 9 20 24
d 9 20 25
d 9 20
d 3 7 9
d 7 9 17
d 7 9
d 1 3 7 15
d 1 7 15 29
d 1 7 15
d 3 7 15
d 7 8 15
d 7 15 29
d 7 15
d 11 12 21 27
d 12 18 21 27
d 12 21 23 27
d 12 21 27 29
d 11 21 27
d 12 21 27
d 18 21 27
d 21 23 27
d 21 27 29
d 21 27
d 1 3 5 15
d 3 5 15 26
d 5 10 15 26
d 1 5 15
d 3 5 15
d 5 10 15
d 5 15 26
d 5 15
d 4 8 12 20 25
d 4 8 12 23 25
d 4 8 12 25 26
d 2 12 13 25
d 2 12 20 25
d 2 12 23 25
d 2 12 25 26
d 4 8 12 25
d 4 12 20 25
d 4 12 23 25
d 4 12 25 26
d 8 12 13 25
d 8 12 20 25
d 8 12 23 25
d 8 12 25 26
d 2 12 25
d 4 12 25
d 8 12 25
d 12 13 25
d 12 20 25
d 12 23 25
d 12 25 26
d 12 25
d 4 8 10 12 20
d 0 2 12 20
d 4 8 12 20
d 4 10 12 20
d 8 10 12 20
d 8 12 20 24
d 0 12 20
d 2 12 20
d 4 12 20
d 8 12 20
d 10 12 20
d 12 20 24
d 12 20
i 3 24
i 3 9 24
i 3 15 24
i 3 20 24
i 18 23
i 1 18 23
i 2 18 23
i 6 18 23
i 8 18 23
i 10 18 23
i 12 18 23
i 14 18 23
i 16 18 23
i 17 18 23
i 18 21 23
i 18 23 27
i 1 2 18 23
i 1 6 18 23
i 1 16 18 23
i 1 18 21 23
i 2 12 18 23
i 2 16 18 23
i 6 10 18 23
i 6 14 18 23
i 6 17 18 23
i 6 18 23 27
i 8 10 18 23
i 8 12 18 23
i 10 12 18 23
i 10 16 18 23
i 10 17 18 23
i 10 18 21 23
i 12 14 18 23
i 12 18 21 23
i 12 18 23 27
i 14 16 18 23
i 14 17 18 23
i 14 18 21 23
i 16 17 18 23
i 17 18 21 23
i 1 2 16 18 23
i 6 10 17 18 23
i 6 14 17 18 23
i 8 10 12 18 23
i 10 12 18 21 23
i 10 16 17 18 23
i 10 17 18 21 23
i 12 14 18 21 23
i 14 16 17 18 23
i 14 17 18 21 23
i 3 22
i 1 3 22
i 3 4 22
i 3 5 22
i 3 22 27
i 1 3 4 22
i 1 3 5 22
i 5 29
i 1 5 29
i 5 12 29
i 5 14 29
i 5 16 29
i 5 21 29
i 1 5 16 29
i 1 5 21 29
i 5 12 14 29
i 5 12 21 29
i 5 14 16 29
i 5 14 21 29
i 5 12 14 21 29
i 21 27
i 11 21 27
i 12 21 27
i 18 21 27
i 21 23 27
i 21 27 29
i 11 12 21 27
i 12 18 21 27
i 12 21 23 27
i 12 21 27 29
i 18 21 23 27
i 12 18 21 23 27
i 5 20
i 3 5 20
i 5 10 20
i 5 16 20
i 5 17 20
i 5 10 16 20
i 5 10 17 20
i 5 16 17 20
i 5 10 16 17 20
i 25 28
i 2 25 28
i 9 25 28
d 1 2 11 13 16
d 1 2 13 16
d 1 11 13 16
d 2 11 13 16
d 10 11 13 16
d 1 13 16
d 2 13 16
d 10 13 16
d 11 13 16
d 13 16
d 0 1 2 29
d 0 2 12 29
d 1 2 16 29
d 0 2 29
d 1 2 29
d 2 12 29
d 2 16 29
d 2 29
d 3 9 11 27
d 3 4 9
d 3 9 11
d 3 9 24
d 3 9 27
d 3 9
d 5 10 16 17 20
d 5 10 17 20
d 5 16 17 20
d 6 10 17 20
d 10 16 17 20
d 5 17 20
d 6 17 20
d 10 17 20
d 16 17 20
d 17 20 25
d 17 20
d 4 8 10 12 23
d 4 8 10 12 26
d 4 10 12 21 23
d 4 8 10 12
d 4 8 10 20
d 4 8 10 23
d 4 8 10 26
d 4 10 12 21
d 4 10 12 23
d 4 10 12 26
d 4 10 16 20
d 4 10 16 23
d 4 10 16 26
d 4 10 21 23
d 4 8 10
d 4 9 10
d 4 10 12
d 4 10 16
d 4 10 20
d 4 10 21
d 4 10 23
d 4 10 26
d 4 10
d 1 7 16 29
d 1 7 21 29
d 1 7 29
d 7 16 29
d 7 21 29
d 7 29
d 7 16 17 18
d 7 17 18 21
d 7 16 17
d 7 17 18
d 7 17 21
d 7 17
d 1 3 5 11
d 1 3 5 22
d 1 3 5 23
d 1 3 5
d 3 5 11
d 3 5 20
d 3 5 22
d 3 5 23
d 3 5 26
d 3 5
d 6 10 17 18 23
d 6 14 17 18 23
d 10 16 17 18 23
d 10 17 18 21 23
d 14 16 17 18 23
d 14 17 18 21 23
d 6 10 17 18
d 6 14 17 18
d 6 17 18 23
d 10 16 17 18
d 10 17 18 21
d 10 17 18 23
d 14 16 17 18
d 14 17 18 21
d 14 17 18 23
d 16 17 18 23
d 17 18 21 23
d 6 17 18
d 10 17 18
d 14 17 18
d 16 17 18
d 17 18 21
d 17 18 23
d 17 18
d 1 2 16 18 23
d 1 2 16 23
d 1 2 18 23
d 1 2 19 23
d 2 12 18 23
d 2 12 19 23
d 2 16 18 23
d 1 2 23
d 2 12 23
d 2 16 23
d 2 18 23
d 2 19 23
d 2 23 25
d 2 23
d 12 14 18 21 24
d 12 14 21 24 29
d 12 14 21 24
d 12 18 21 24
d 12 21 24 29
d 14 18 21 24
d 14 21 24 29
d 12 21 24
d 14 21 24
d 18 21 24
d 21 24 29
d 21 24
d 0 1 6 15 29
d 0 1 6 29
d 0 6 15 29
d 0 6 27 29
d 1 6 15 29
d 0 6 29
d 1 6 29
d 6 14 29
d 6 15 29
d 6 27 29
d 6 29
d 6 27 28
d 6 28
d 8 10 12 13
d 8 10 13
d 8 12 13
d 8 13 25
d 8 13
d 5 10 11 12 21
d 5 10 11 17 21
d 1 5 11 21
d 5 10 11 21
d 5 11 12 21
d 5 11 17 21
d 10 11 12 21
d 10 11 17 21
d 11 12 21 27
d 1 11 21
d 5 11 21
d 10 11 21
d 11 12 21
d 11 17 21
d 11 21 27
d 11 21
d 8 10 15 26
d 0 15 26
d 3 15 26
d 8 15 26
d 10 15 26
d 15 26
d 0 1 2 18
d 0 1 2 22
d 1 2 11 13
d 1 2 11 16
d 1 2 16 18
d 0 1 2
d 1 2 11
d 1 2 13
d 1 2 16
d 1 2 18
d 1 2 19
d 1 2 22
d 1 2
d 0 9 27
d 0 9
d 12 14 18 21 23
d 6 14 18 23
d 12 14 18 21
d 12 14 18 23
d 12 14 18 24
d 14 16 18 23
d 14 18 21 23
d 6 14 18
d 12 14 18
d 14 16 18
d 14 18 21
d 14 18 23
d 14 18 24
d 14 18
d 12 14 24 29
d 12 24 29
d 14 24 29
d 15 24 29
d 24 29
d 0 2 12 26
d 0 12 26 27
d 0 2 26
d 0 12 26
d 0 26 27
d 0 26
d 1 3 6 15
d 1 3 15
d 3 6 15
d 3 15 24
d 3 15
d 2 11 12 13
d 10 11 12 13
d 1 11 13
d 2 11 13
d 10 11 13
d 11 12 13
d 11 13
d 0 2 20
d 2 16 20
d 2 20 25
d 2 20
d 8 10 12 18 23
d 10 12 18 21 23
d 12 18 21 23 27
d 1 6 18 23
d 1 16 18 23
d 1 18 21 23
d 6 10 18 23
d 6 18 23 27
d 8 10 18 23
d 8 12 18 23
d 10 12 18 23
d 10 16 18 23
d 10 18 21 23
d 12 18 21 23
d 12 18 23 27
d 18 21 23 27
d 1 18 23
d 6 18 23
d 8 18 23
d 10 18 23
d 12 18 23
d 16 18 23
d 18 21 23
d 18 23 27
d 18 23
d 4 12 14 21 23
d 5 10 12 21 23
d 5 10 17 21 23
d 5 12 14 21 23
d 5 14 17 21 23
d 1 4 21 23
d 1 5 21 23
d 4 12 21 23
d 4 14 21 23
d 5 10 21 23
d 5 12 21 23
d 5 14 21 23
d 5 17 21 23
d 10 12 21 23
d 10 17 21 23
d 12 14 21 23
d 12 21 23 27
d 14 17 21 23
d 1 21 23
d 4 21 23
d 5 21 23
d 10 21 23
d 12 21 23
d 14 21 23
d 17 21 23
d 21 23 27
d 21 23
d 2 13 25
d 13 25
d 8 10 12 18
d 10 12 18 21
d 6 10 18
d 8 10 18
d 10 12 18
d 10 16 18
d 10 18 21
d 10 18
d 1 3 4 22
d 1 3 4 23
d 1 3 4
d 3 4 20
d 3 4 22
d 3 4 23
d 3 4 26
d 3 4
i 18 26
i 2 18 26
i 8 18 26
i 12 18 26
i 16 18 26
i 18 26 27
i 2 12 18 26
i 2 16 18 26
i 8 12 18 26
i 12 18 26 27
i 10 29
i 5 10 29
i 10 12 29
i 10 15 29
i 10 16 29
i 10 21 29
i 5 10 12 29
i 5 10 16 29
i 5 10 21 29
i 10 12 21 29
i 5 10 12 21 29
i 1 24
i 1 3 24
i 1 15 24
i 1 18 24
i 20 28
i 16 20 28
i 20 25 28
i 0 24
i 0 1 24
i 0 12 24
i 0 15 24
i 0 18 24
i 0 20 24
i 0 1 15 24
i 0 1 18 24
i 0 12 18 24
i 9 29
i 9 10 29
i 9 14 29
i 9 27 29
d 4 12 14 21
d 1 4 21
d 4 12 21
d 4 14 21
d 4 21
d 1 3 6 11
d 3 6 11 27
d 6 10 11 17
d 1 6 11
d 3 6 11
d 6 10 11
d 6 11 17
d 6 11 27
d 6 11
d 4 8 12 26
d 4 8 25 26
d 8 10 12 26
d 8 12 18 26
d 8 12 19 26
d 4 8 26
d 8 10 26
d 8 12 26
d 8 18 26
d 8 19 26
d 8 25 26
d 8 26
d 8 10 15
d 8 15 24
d 8 15
d 5 10 16 17 26
d 5 14 16 17 26
d 2 16 18 26
d 4 14 16 26
d 5 10 16 26
d 5 14 16 26
d 5 16 17 26
d 10 16 17 26
d 14 16 17 26
d 2 16 26
d 4 16 26
d 5 16 26
d 10 16 26
d 14 16 26
d 16 17 26
d 16 18 26
d 16 26
d 0 1 6 15
d 0 1 15 24
d 0 1 15 29
d 0 1 15
d 1 6 15
d 1 15 24
d 1 15 29
d 1 15
d 1 7 18 21
d 1 7 21
d 7 18 21
d 7 21
d 3 11 27
d 9 11 27
d 11 12 27
d 11 27
d 2 11 16
d 2 16 18
d 2 16 28
d 2 16
d 5 10 11 16 17
d 5 10 16 17 23
d 5 14 16 17 23
d 5 10 11 17
d 5 10 16 17
d 5 10 17 21
d 5 10 17 23
d 5 10 17 26
d 5 11 16 17
d 5 14 16 17
d 5 14 17 21
d 5 14 17 23
d 5 14 17 26
d 5 16 17 23
d 5 10 17
d 5 11 17
d 5 14 17
d 5 16 17
d 5 17 21
d 5 17 23
d 5 17 26
d 5 17
i 0 21
i 0 1 21
i 0 12 21
i 0 18 21
i 0 21 27
i 0 21 29
i 0 1 18 21
i 0 1 21 29
i 0 12 18 21
i 0 12 21 27
i 0 12 21 29
i 0 18 21 27
i 0 21 27 29
i 0 12 18 21 27
i 0 12 21 27 29
i 8 21
i 8 10 21
i 8 12 21
i 8 18 21
i 8 10 12 21
i 8 12 18 21
i 16 19
i 1 16 19
i 16 19 23
i 16 19 28
i 1 16 19 23
i 24 29
i 0 24 29
i 1 24 29
i 9 24 29
i 12 24 29
i 14 24 29
i 15 24 29
i 0 1 24 29
i 0 12 24 29
i 0 15 24 29
i 9 14 24 29
i 12 14 24 29
i 9 23
i 4 9 23
i 9 10 23
i 9 14 23
i 9 17 23
i 9 19 23
i 9 23 25
i 9 23 27
i 4 9 14 23
i 4 9 23 25
i 9 10 17 23
i 9 14 17 23
i 9 17 23 25
i 24 28
i 9 24 28
i 20 24 28
i 24 27
i 0 24 27
i 3 24 27
i 9 24 27
i 12 24 27
i 18 24 27
i 24 27 28
i 24 27 29
i 0 12 24 27
i 0 18 24 27
i 0 24 27 29
i 9 24 27 28
i 9 24 27 29
i 12 18 24 27
i 12 24 27 29
i 0 12 18 24 27
i 0 12 24 27 29
i 3 9
i 3 9 11
i 3 9 23
i 3 9 24
i 3 9 27
i 3 9 23 27
i 3 9 24 27
i 2 8
i 2 8 12
i 2 8 18
i 2 8 19
i 2 8 22
i 2 8 25
i 2 8 12 18
i 2 8 12 19
i 17 24
i 9 17 24
i 14 17 24
i 9 14 17 24
i 10 18
i 6 10 18
i 8 10 18
i 10 12 18
i 10 16 18
i 10 18 21
i 10 18 26
i 8 10 12 18
i 8 10 18 21
i 10 12 18 21
i 10 12 18 26
i 8 10 12 18 21
i 14 28
i 9 14 28
i 14 16 28
i 14 24 28
i 9 14 24 28
i 3 17
i 3 6 17
i 3 9 17
i 3 11 17
i 3 17 23
i 3 17 24
i 3 17 26
i 3 6 17 23
i 3 9 11 17
i 3 9 17 23
i 3 9 17 24
i 5 28
i 5 14 28
i 5 16 28
i 5 20 28
i 5 14 16 28
i 5 16 20 28
i 3 13
i 1 3 13
i 4 5
i 1 4 5
i 4 5 12
i 4 5 14
i 4 5 16
i 4 5 20
i 4 5 22
i 4 5 23
i 4 5 26
i 1 4 5 16
i 1 4 5 22
i 1 4 5 23
i 4 5 12 14
i 4 5 12 23
i 4 5 12 26
i 4 5 14 16
i 4 5 14 22
i 4 5 14 23
i 4 5 14 26
i 4 5 16 20
i 4 5 16 23
i 1 4 5 16 23
i 4 5 12 14 23
i 4 5 12 14 26
i 4 5 14 16 23
d 5 10 12 21 29
d 5 10 12 29
d 5 10 16 29
d 5 10 21 29
d 10 12 21 29
d 5 10 29
d 9 10 29
d 10 12 29
d 10 15 29
d 10 16 29
d 10 21 29
d 10 29
d 4 5 16 20
d 5 10 16 20
d 5 16 20 28
d 4 16 20
d 5 16 20
d 10 16 20
d 16 20 28
d 16 20
d 8 10 12 18 21
d 5 10 12 21
d 8 10 12 21
d 8 10 18 21
d 10 12 18 21
d 5 10 21
d 8 10 21
d 10 12 21
d 10 17 21
d 10 18 21
d 10 21
d 3 9 17 24
d 9 14 17 24
d 3 17 24
d 9 17 24
d 14 17 24
d 17 24
d 5 10 11 12
d 5 10 11 16
d 9 10 11 17
d 10 11 16 17
d 5 10 11
d 9 10 11
d 10 11 12
d 10 11 16
d 10 11 17
d 10 11
d 0 15 24 29
d 0 15 29
d 15 24 29
d 15 29
d 2 12 18 26
d 2 12 19 26
d 2 12 26
d 2 18 26
d 2 19 26
d 2 25 26
d 2 26
d 3 17 26
d 10 17 26
d 14 17 26
d 17 25 26
d 17 26
d 0 6 18 27
d 3 6 23 27
d 0 6 27
d 3 6 27
d 6 18 27
d 6 23 27
d 6 27
d 1 16 19 23
d 8 12 19 23
d 1 19 23
d 8 19 23
d 9 19 23
d 12 19 23
d 16 19 23
d 19 23
d 0 12 18 21 27
d 0 12 18 24 27
d 0 12 21 27 29
d 0 12 24 27 29
d 0 2 12 18
d 0 12 18 21
d 0 12 18 24
d 0 12 18 27
d 0 12 21 27
d 0 12 21 29
d 0 12 24 27
d 0 12 24 29
d 0 12 27 29
d 0 2 12
d 0 12 18
d 0 12 21
d 0 12 24
d 0 12 27
d 0 12 29
d 0 12
d 5 12 14 21 29
d 5 12 14 21
d 5 14 21 29
d 12 14 21 29
d 5 14 21
d 12 14 21
d 14 17 21
d 14 21 29
d 14 21
d 3 6 17 23
d 6 10 17 23
d 6 14 17 23
d 3 6 17
d 6 10 17
d 6 14 17
d 6 17 23
d 6 17
d 2 8 12 19
d 2 8 19
d 8 12 19
d 8 19
d 2 8 12 18
d 8 10 12 18
d 8 12 18 21
d 8 12 18 24
d 10 12 18 26
d 12 18 21 27
d 12 18 24 27
d 12 18 26 27
d 2 12 18
d 8 12 18
d 10 12 18
d 12 18 21
d 12 18 24
d 12 18 26
d 12 18 27
d 12 18
d 0 6 20
d 0 20 24
d 0 20
d 1 4 5 16 23
d 4 5 14 16 23
d 1 4 5 16
d 1 5 11 16
d 1 5 16 23
d 1 5 16 29
d 4 5 14 16
d 4 5 16 23
d 5 10 16 23
d 5 14 16 23
d 5 14 16 28
d 5 14 16 29
d 1 5 16
d 4 5 16
d 5 10 16
d 5 11 16
d 5 14 16
d 5 16 23
d 5 16 28
d 5 16 29
d 5 16
d 1 3 6 23
d 1 3 6
d 1 3 7
d 1 3 11
d 1 3 13
d 1 3 22
d 1 3 23
d 1 3 24
d 1 3
d 2 8 18
d 7 8 18
d 8 10 18
d 8 18 21
d 8 18 24
d 8 18
d 3 26 27
d 3 26
d 0 1 18 21
d 0 18 21 27
d 0 18 21
d 1 18 21
d 18 21 27
d 18 21
d 2 12 19
d 2 19 28
d 2 19
d 0 21 27 29
d 0 24 27 29
d 9 24 27 29
d 12 21 27 29
d 12 24 27 29
d 0 27 29
d 9 27 29
d 12 27 29
d 21 27 29
d 24 27 29
d 27 29
d 0 1 6 18
d 0 6 18
d 1 6 18
d 6 10 18
d 6 18
d 0 1 18 24
d 0 1 24 29
d 0 18 24 27
d 0 1 24
d 0 15 24
d 0 18 24
d 0 24 27
d 0 24 29
d 0 24
d 4 8 20 25
d 4 5 20
d 4 8 20
d 4 20 25
d 4 20
d 1 4 5 22
d 0 1 22
d 1 4 22
d 1 5 22
d 1 22
d 17 21
d 9 14 24 29
d 12 14 24 29
d 1 24 29
d 9 24 29
d 12 24 29
d 14 24 29
d 24 29
d 4 5 12 14 23
d 4 5 12 14 26
d 4 5 12 14
d 4 5 12 23
d 4 5 12 26
d 4 8 12 23
d 4 12 14 23
d 4 12 14 26
d 4 5 12
d 4 8 12
d 4 12 14
d 4 12 23
d 4 12 26
d 4 12
d 9 19 28
d 16 19 28
d 19 28
d 5 10 20
d 6 10 20
d 8 10 20
d 10 20
d 8 10 12 23
d 2 8 12
d 8 10 12
d 8 12 21
d 8 12 23
d 8 12 24
d 8 12
d 9 14 24 28
d 5 14 28
d 9 14 28
d 14 16 28
d 14 24 28
d 14 28
d 1 4 5 23
d 4 5 14 22
d 4 5 14 23
d 4 5 14 26
d 1 4 5
d 4 5 14
d 4 5 22
d 4 5 23
d 4 5 26
d 4 5
d 1 5 11
d 1 11 16
d 1 11
d 1 18 24
d 18 24 27
d 18 24
d 4 14 16 23
d 14 16 17 23
d 4 14 16
d 14 16 17
d 14 16 23
d 14 16 29
d 14 16
i 1 22
i 0 1 22
i 1 4 22
i 1 5 22
i 13 20
i 3 13 20
i 16 20
i 16 20 28
i 15 26
i 10 15 26
i 2 17
i 2 11 17
i 2 17 25
i 3 16
i 3 7 16
i 3 11 16
i 3 16 17
i 3 16 20
i 3 16 23
i 3 11 16 17
i 3 16 17 23
i 14 18
i 14 18 26
i 12 22
i 2 12 22
i 5 12 22
i 12 14 22
i 12 22 27
i 5 12 14 22
i 17 21
d 9 24 27 28
d 9 24 28
d 20 24 28
d 24 27 28
d 24 28
i 7 19
i 1 7 19
i 7 16 19
i 1 7 16 19
i 2 4
i 2 4 8
i 2 4 22
i 2 4 25
i 2 4 8 22
i 2 4 8 25
i 6 8
i 6 8 10
i 6 8 20
i 6 8 23
i 6 8 10 23
i 0 8
i 0 2 8
i 0 6 8
i 0 8 21
i 0 8 22
i 0 2 8 22
d 9 27 28
d 27 28
d 10 16 17 23
d 10 16 17
d 10 16 18
d 10 16 23
d 10 16
d 14 18 26
d 14 18
d 0 8 21
d 8 21
d 0 1 21 29
d 1 5 21 29
d 0 1 29
d 1 5 29
d 1 16 29
d 1 21 29
d 1 29
d 1 7 16 19
d 1 7 19
d 1 16 19
d 1 19
d 3 13 20
d 13 20
d 0 6 15
d 0 15
d 3 9 24 27
d 3 9 24
d 3 20 24
d 3 24 27
d 3 24
d 5 12 14 22
d 4 14 22
d 5 14 22
d 12 14 22
d 14 22
d 0 1 21
d 0 21 27
d 0 21 29
d 0 21
d 9 25 28
d 9 28
d 2 11 17
d 2 17 25
d 2 17
d 1 4 16 23
d 1 4 23
d 1 5 23
d 1 6 23
d 1 16 23
d 1 23
i 19 25
i 9 19 25
i 19 25 26
i 18 20
i 16 18 20
i 15 25
i 15 25 26
i 0 23
i 0 6 23
i 0 8 23
i 0 23 27
i 0 6 8 23
i 8 13
i 2 8 13
i 8 10 13
i 7 14
i 20 29
i 5 20 29
i 16 20 29
i 22 28
i 2 22 28
i 5 22 28
d 5 12 14 26
d 4 14 26
d 5 14 26
d 12 14 26
d 14 26
d 3 6 20
d 3 16 20
d 3 20
d 5 10 12 23
d 5 12 14 23
d 5 10 23
d 5 12 23
d 5 14 23
d 5 23
d 9 10 17 23
d 9 10 17
d 9 10 23
d 9 10
d 3 9 23 27
d 3 9 27
d 3 22 27
d 3 23 27
d 3 27
d 3 11 16 17
d 3 16 17 23
d 3 7 16
d 3 11 16
d 3 16 17
d 3 16 23
d 3 16
d 0 1 6
d 0 1 18
d 0 1 22
d 0 1
d 2 22 28
d 2 25 28
d 2 28
d 1 4 16
d 1 4 22
d 1 4
d 9 19 25
d 19 25 26
d 19 25
d 0 18 27
d 18 26 27
d 18 27
d 10 15 26
d 15 25 26
d 15 26
d 0 2 8 22
d 0 2 22
d 0 8 22
d 0 22 27
d 0 22
d 6 8 20
d 6 20
d 0 6 8 23
d 0 6 23
d 0 8 23
d 0 23 27
d 0 23
d 5 20 28
d 16 20 28
d 20 25 28
d 20 28
d 3 6 23
d 3 6
d 12 22 27
d 22 27
d 9 24 27
d 12 24 27
d 24 27
d 5 10 12 26
d 5 10 12
d 5 10 26
d 5 10
d 12 21 27
d 12 23 27
d 12 26 27
d 12 27
d 4 9 14 23
d 4 9 23 25
d 4 9 14
d 4 9 23
d 4 9 25
d 4 9
d 1 7 16 18
d 1 7 16
d 7 16 18
d 7 16 19
d 7 16
d 4 14 23
d 4 14
i 8 19
i 7 8 19
i 2 20
i 2 8 20
i 2 18 20
i 2 20 25
i 2 8 20 25
d 25 28
d 21 27
d 11 16 17
d 11 16
